-1.6490396917005972,-2.785368718853582,-0.2784733528075362,0.0682164466956236,1.4666012267733253,-0.4766633055629149,2.0331540965228037,-2.5484255019796827,-3.055389290858716,2.0578876886705864,-2.237413936692271,-1.2189547356083295,-0.8892443904005671,-0.49438826036355155,-0.6605241041937187,0.03250526190769554,1.3002719773434976,-1.442341303713255,-2.4194843110936954,1.6216401180125644,-0.9470558159237914,2.371517832009661,0.773287169110056,2.0928543932980572,1.382099699309612,1.6662607690974964,-0.37737915420932255,-2.860003648561108,1.2324960192313428,-2.533048136999267,1.8797129424597818,1.8790532241210631,-0.26299924158353877,2.131466245895049,1.387925300162263,0.3356660772864823,-2.054166755039962,0.445673926663508,-1.409474798492739,2.0012309253790352,1.20293163043831,-1.383452330200299,2.1536747385827093,3.4483128442192603,1.1162222412425025,0.7779890134222764,1.122148894261777,0.44176056021576393
numHidden 	5
numGenes 	48
minGene 	-3.0
maxGene 	3.0
popSize 	40
maxEvaluations 	20000
mutateRate 	0.01
mutateChange 	0.05
seed 	1552285539269
random 	java.util.Random@4b737c22
neuralNetworkClass 	class coursework.ExampleEvolutionaryAlgorithm
Training Set Training
Fitness 0.10058582365591356