1.3494900420995584,0.4621193700488009,2.649078184953569,0.9923580204357172,-0.38586400730548553,-1.4467018144745374,1.1018373350816735,-0.802481784619193,-1.909016428846216,-2.4368453411708133,0.3562491679232172,0.9873643202473941,-0.02166195935098926,-0.660942733836714,-2.229674132750487,-2.555727757796171,-2.1389069854678144,2.9249129513620193,2.447039438989897,0.6189790174775074,0.13873981036217664,-1.1196636653127314,2.9441577433824886,1.1733021057624455,2.773390087448452,-0.15255838177385678,-0.8560431502991424,-1.7058241649113806,0.6146422371346953,-0.5612391767743905,-2.5552950182784824,-1.1874970714674749,-2.1281408626273963,1.7438985770924962,0.12096211660370847,-0.03712466663943444,-1.613619372257475,-2.131650164635042,1.0203007016854153,2.801417816152333,1.190883717474557,-0.831577943236439,-0.6236189112986465,-0.4414131079948209,-1.0553343474277597,1.3572878545154055,-0.08859852159932516,0.7709746669308912
numHidden 	5
numGenes 	48
minGene 	-3.0
maxGene 	3.0
popSize 	40
maxEvaluations 	20000
mutateRate 	0.05
mutateChange 	0.05
seed 	1552286041714
random 	java.util.Random@73954dcf
neuralNetworkClass 	class coursework.ExampleEvolutionaryAlgorithm
Training Set Training
Fitness 0.06548418281615816