-2.1990793984970916,2.9290573590547018,-2.4158145957052364,1.9454584095463505,-1.8870173172336864,2.628340538312864,-0.04772191018326222,-0.7821436359707228,-2.3483261533022244,1.5433474411698396,-2.1148613024668155,-2.85192946691231,-1.0900702326810001,-2.375204126646774,1.3520033367387967,1.2092869041081402,1.4070871014878366,-2.4783126066429375,1.4807605816595288,-1.819353482068152,1.0348152485291298,0.9101367397960505,-0.3270718241750111,-0.06414018878683744,1.392172170851281,-0.4578775857292334,-0.752323811376566,0.24007716964132697,0.9192321428265777,1.887006215139013,2.067911804864076,1.7903526950962474,2.0078481182421197,-1.3238722055662855,0.660356144246796,0.20498192576492402,1.1045927722923239,2.167186460371493,-0.20182115935130435,-2.5841389443976235,-2.0473440590630005,-0.6065527365891474,0.2290738448098419,0.28117039654193876,-2.4435656547965516,-0.7671860470378054,-0.9817212312267078,2.2624532851408636
numHidden 	5
numGenes 	48
minGene 	-3.0
maxGene 	3.0
popSize 	40
maxEvaluations 	20000
mutateRate 	0.05
mutateChange 	0.05
seed 	1552288904456
random 	java.util.Random@6c116d19
neuralNetworkClass 	class coursework.ExampleEvolutionaryAlgorithm
Training Set Training
Fitness 0.12060095640480918