-0.7444403819034724,-2.1411767278600964,1.8920515771299735,-1.8929032980174068,-1.7959061053994523,2.259978079683699,0.5106638900024824,1.0630746300537763,1.0978761882428765,1.6774256569571462,0.5962563971032704,-0.3453819751286821,-1.7704898778211533,-1.0752212285887788,0.6340424936477912,2.5260375766260443,2.849120688914873,0.04804326279694972,-1.874528734063639,1.6864809940492131,-2.12778939134062,0.7175090908007972,1.111574962474299,1.501849894585277,0.2864783919516524,-0.14433461333999642,0.569584593927717,2.440800420413776,2.970202529537721,3.5157284190950744,2.2965024359917336,-1.5604338222404488,2.748669712921414,0.9075692452426432,1.4507703831575791,-0.06593466298062589,2.7261540015107695,2.2880593414644226,-1.5122150652053206,2.611742817299275,0.3493146756903282,2.8405866622240445,-1.7628832515024588,-1.8329205793929848,2.8437378656583094,1.5037328775818537,-0.9510959794252004,-2.916315173066946
numHidden 	5
numGenes 	48
minGene 	-3.0
maxGene 	3.0
popSize 	40
maxEvaluations 	20000
mutateRate 	0.02
mutateChange 	0.08
seed 	1552516806749
random 	java.util.Random@2ed3e97d
neuralNetworkClass 	class coursework.ExampleEvolutionaryAlgorithm
Training Set Training
Fitness 0.11683674120288963