3.3528745477924007,3.672621778709634,-2.2851382229270705,8.846855151449724,-7.090396435576565,-2.3224730104830718,-6.511604944797895,3.8229362663933433,-3.7752321758114356,-2.7096069382339953,0.2719113588666311,1.3717924392392062,-1.1881753343610533,3.9138639293192705,-4.648782462060737,-1.8541990479351573,1.5228439905378897,5.6644862767805675,3.364870564689644,0.9814274641980303,-4.151146294100134,-4.80947796100435,-0.697299654559906,5.358193924463468,2.24311628755156,-3.015121934012245,-4.161819686264261,-0.06190522998555026,1.641780987470024,0.49252858211117134,-6.214068221302159,-0.40705371398131707,-1.8761413613150557,1.524016775565521,2.256986358176304,5.350978507424797,2.9544358364554997,-0.008303450036443394,3.7176253029686013,-5.219689478057218,-1.080516486449492,-1.6470453225466912,-1.6466760246528007,5.275773581066699,-3.5124195596393823,3.5747344817406805,1.4975298935433725,5.926881265949339
numHidden 	5
numGenes 	48
minGene 	-5.0
maxGene 	5.0
popSize 	40
maxEvaluations 	20000
mutateRate 	0.03
mutateChange 	0.8
customeMutateRate 	0.3
seed 	1552547691203
random 	java.util.Random@22f4023b
neuralNetworkClass 	class coursework.ExampleEvolutionaryAlgorithm
Training Set Training
Fitness 0.03567728645984522