-1.505249056924774,-4.39451390379488,0.03604972102852588,0.442362614103924,2.2992697807054903,-3.2296100745590595,-0.36419548718081834,-2.18203605686994,-0.7225511402674492,-1.381976469889741,-0.6960841781187179,-0.10310514933391011,-0.2696890061065961,-2.1591206397551526,1.2534692265006941,-0.3627240878114557,-0.06270752289705597,-0.01639955096172334,-2.796466890063184,-3.3027763493097906,3.2297678230539892,2.808476976925177,0.9029219330994289,-2.038868915661722,2.7823518590641587,1.1954851830752855,-2.0153516220645837,-0.36729142707177487,1.514856432742669,1.7188338122858746,-1.3631256237825773,-0.40402017128668166,-2.5306677503533423,-2.811245169974896,1.400920730414837,2.635924147160881,-0.9516334550822583,1.2406073049246058,-2.192788187769931,-0.2954539033001316,1.2151625024870771,-2.579842074710237,2.7737020265821517,1.1036972905490716,1.6883456784910826,0.16820108129145972,2.242505672382177,1.429022653826939
numHidden 	5
numGenes 	48
minGene 	-3.0
maxGene 	3.0
popSize 	40
maxEvaluations 	20000
mutateRate 	0.05
mutateChange 	0.05
seed 	1552287082928
random 	java.util.Random@78b4a595
neuralNetworkClass 	class coursework.ExampleEvolutionaryAlgorithm
Training Set Test
Fitness 0.18971046445421105