-0.995010776919124,-0.25039131877267096,-0.8061803316184548,1.8738301476775767,-0.9961148482600725,0.2425914201003314,-2.2000219751746797,1.5950481694323795,0.9917970847087955,0.40796814222275346,-0.26089848065466104,0.38499739334491506,1.003907043534678,-2.7172181499078847,-1.9159894315080748,2.4849234305118326,-1.7748139151724185,1.3726966184037275,0.0916691279680203,1.7369529732092204,1.8090913722611148,0.3423517629812579,-0.4593832949916523,0.08477847482277401,-1.6797437541643792,0.34644696866751845,-0.2833255504832195,0.27286206221226894,2.499501812340873,0.472786196502756,-0.3071292450737129,2.7308125513737984,-0.13217355804031072,-0.6973854952131787,-1.6895855847550898,-0.9662240869448738,-0.7266450123556301,-1.2235869081036108,2.4877502495212047,3.379447133410543,1.8124872470732019,-0.14203062333924743,-0.548137326946039,1.2580382807242871,0.7392156131574282,-1.527450806725385,-0.6275190043677249,-1.5876031994774833
numHidden 	5
numGenes 	48
minGene 	-3.0
maxGene 	3.0
popSize 	40
maxEvaluations 	20000
mutateRate 	0.01
mutateChange 	0.08
seed 	1552289915754
random 	java.util.Random@18708ec0
neuralNetworkClass 	class coursework.ExampleEvolutionaryAlgorithm
Training Set Training
Fitness 0.11934305218912025