1.5140500584659726,0.2075721290594582,-2.8869632385120414,0.7471137603491993,-0.1871210425056713,2.070570918260781,2.891724274813983,2.0333310786066194,2.146152525530024,-2.872307551447422,-2.2659296244895017,1.9562398738369557,-2.3350976172602977,-1.561577757809108,-3.4293619084834077,2.6274524518755795,1.4925989083022926,0.6609331776255267,-0.9295397864503423,0.9165633791828063,1.2573066998293205,-0.1908752854191984,-0.034301971609576126,-2.4232928152248348,-1.3382505063111776,-1.81100432180974,-1.0374125696565537,-0.8995507959463978,-3.3936068842184772,1.5729007383711595,1.3916562375405805,2.3525086736256755,0.5249527767475544,0.7753676532060543,1.2098817232490495,1.7271616870342674,-2.9314741405593416,-1.611635019819201,0.36366308992180435,-1.8052099250488098,-2.518551388272271,-0.7854086200133799,-2.519364310185564,1.71177661672273,0.9495923960897242,-0.32177579585231286,1.627962656645856,-0.23370268667145006
numHidden 	5
numGenes 	48
minGene 	-3.0
maxGene 	3.0
popSize 	100
maxEvaluations 	20000
mutateRate 	0.05
mutateChange 	0.05
extraMutateRate 	0.5
extraMutateChange 	0.1
seed 	1552532733134
random 	java.util.Random@10c76064
neuralNetworkClass 	class coursework.ExampleEvolutionaryAlgorithm
Training Set Training
Fitness 0.10493523651888352