-2.0026884320396787,0.5768647346106164,0.3476854084651518,0.13335714748247413,-2.0583178668118625,-1.8771743836520445,-0.741824969108936,-1.5077275261432648,1.3148791249887637,2.4766662122265712,-0.8848957080155424,0.8595923787420546,2.058008458552612,-0.647890511524866,1.7027521006781194,-2.5451088063153886,0.9673274074033225,-1.235399335550773,1.296828244624006,1.8470387197272657,-1.551030057915872,0.244845016113946,-3.1024300021790214,-0.5644010844262723,1.803948102784954,-2.479333143926776,-0.3162356820773185,-3.0494718314866085,0.523133685656008,-2.6567117764234878,-2.689843300106947,-0.7222413326923223,2.180338961355881,0.7182456673365991,1.8185468297148262,1.1537123713826842,-2.223317507952176,-2.293318818311299,-2.2555116616972155,-1.296693671375646,1.2688300775155934,2.4103780704569964,-1.4587325739772559,1.731308816987652,0.7002464835118651,-1.9362013405747427,2.600719934958554,-0.4185527816528589
numHidden 	5
numGenes 	48
minGene 	-3.0
maxGene 	3.0
popSize 	80
maxEvaluations 	20000
mutateRate 	0.02
mutateChange 	0.08
seed 	1552523161411
random 	java.util.Random@44f9dabc
neuralNetworkClass 	class coursework.ExampleEvolutionaryAlgorithm
Training Set Training
Fitness 0.12812085309519694