0.7674107277180822,-2.1187778184640447,-1.5348604025932626,-3.1318307367180935,4.334884729613858,-5.5207497374443015,-3.1741273892151085,-1.2986310319638104,-2.542299073122991,8.000752299744034,-4.209203523165458,-5.240757085452375,-6.404665636094344,-5.866524044267476,5.249849580585609,-3.207983863667276,-0.2632620337513065,4.895559447369729,2.0469915564087193,-1.3757230341155997,5.551889153550738,4.780910055856779,1.6922264681152053,3.171229557203394,2.3795268636678095,-2.4459274517825946,0.15830799025167397,-1.2632352813126666,-1.5702922773263095,3.401075073166238,2.3210216434159006,-1.616152985438255,-5.0992720335996395,0.7353820904575818,-2.8950255871552315,-2.793509925919345,-3.603541770285439,-1.2443111174094186,1.8449995604840377,-4.842835479543346,3.116277889209842,-7.99396010599047,0.5276315077707152,0.38481013901485217,3.152832749815577,-5.41880146728265,2.5954282478399495,-3.7227764870206244
numHidden 	5
numGenes 	48
minGene 	-5.0
maxGene 	5.0
popSize 	40
maxEvaluations 	20000
mutateRate 	0.03
mutateChange 	0.8
customeMutateRate 	0.3
seed 	1552548931440
random 	java.util.Random@5d242d95
neuralNetworkClass 	class coursework.ExampleEvolutionaryAlgorithm
Training Set Test
Fitness 0.07244003198356183