-3.8023220669369353,-1.1821271151025696,3.800359978318043,-2.467427288659679,6.997438222160274,-1.4694674731038126,1.6950575886463692,-0.8962538426234903,7.921013220853782,-1.4542876569659033,-3.28477149890589,0.7605957387153683,3.496166228973512,2.004845523801002,6.137909126308975,-0.01160165086790177,3.289498062858687,5.315967875494063,2.1494583489965473,5.276965332856885,-0.07592749992276882,-7.113708156822351,-3.184716326803998,0.05186639047670494,-2.6436126846896464,2.353219668388692,3.971796137590709,2.795753075410932,2.6538924628175113,3.3071497709002244,-3.9971119704061264,4.7607222972964145,-4.162457331916433,3.87170650937536,-0.15354367378938671,6.96567991262517,-0.9116315850870744,-3.1195080505563118,1.535691117197934,1.432743160790082,0.9856810168338765,-1.6301481985650699,0.09168262254127701,-0.94179494756591,-2.297430184772619,5.252236812007333,-1.4921542801122059,7.58011813970676
numHidden 	5
numGenes 	48
minGene 	-5.0
maxGene 	5.0
popSize 	40
maxEvaluations 	20000
mutateRate 	0.03
mutateChange 	0.8
customeMutateRate 	0.3
seed 	1552548931440
random 	java.util.Random@5d242d95
neuralNetworkClass 	class coursework.ExampleEvolutionaryAlgorithm
Training Set Test
Fitness 0.13624591832489277