3.3229487295850992,0.2577210968867488,0.1559948644089536,-1.9337753012114227,0.9434424107660937,-1.3529151165505617,-1.3705415409021025,-0.30814523480385925,-1.4803088221745961,-1.8245457345841793,-0.4030313291656879,2.583007017947005,1.6225228193526797,2.5359989330459918,-1.6064999291134405,-1.2708645439356807,0.8951752321166557,0.8504701819036853,-1.3712756941969055,1.2981279165120003,1.2114863292098412,2.687027189262915,0.5982078056671156,0.7852183886623432,0.1727921333923259,-1.245574934057829,1.5431590970895066,-0.2854840705016207,0.5147526803082341,-2.5302250370694788,0.1325868786985604,0.6788022248548282,-1.476059245055902,1.1244191021830001,1.9655456602713801,-1.3303438640045406,-3.0764188402369754,-1.7408267997058384,1.3324859880387556,2.62614909041067,-2.1874315185759157,-0.7372951106362915,-2.5315414644569616,-0.4540357805639586,-1.5788700614959088,0.3393222190044325,1.284829599422936,-0.8144282668594609
numHidden 	5
numGenes 	48
minGene 	-3.0
maxGene 	3.0
popSize 	40
maxEvaluations 	20000
mutateRate 	0.1
mutateChange 	0.05
seed 	1552288079763
random 	java.util.Random@31a7278
neuralNetworkClass 	class coursework.ExampleEvolutionaryAlgorithm
Training Set Training
Fitness 0.1203701285730873