0.17961527860359683,-1.8521179561133625,-0.8713217322698441,-1.8039002107331605,1.2240624456221447,-0.1676943296670114,-1.2307546701701282,-1.1551346563507616,-1.9205692188413903,2.2765697204648454,2.099801335135695,0.05101226794037661,2.795412371846438,0.06154511549455295,-2.9098230550482223,1.4818333448732308,-2.8845990357211653,1.654365648783786,-0.2880448699946987,1.9857130547281796,-2.111164102738626,3.1042814688945857,-1.919508864720624,-1.3590441370444741,-1.2682834340234752,0.9993849075999266,2.83359499291302,-0.8285165134776735,2.929264846252611,-1.9938882575449486,-0.10207894583367505,-2.9671550590818088,0.8681795476677552,2.349766324839999,-2.836384599628552,2.869525988008845,0.4435413052958824,-0.2594918647630618,-0.9357294000921208,-1.7774508348331346,0.03732931292483235,-1.7042347450137556,1.332199697590761,-2.043117993966791,2.736799614660952,1.0440212832043687,1.1173920432840936,0.7059079881952495
numHidden 	5
numGenes 	48
minGene 	-3.0
maxGene 	3.0
popSize 	20
maxEvaluations 	20000
mutateRate 	0.05
mutateChange 	0.05
extraMutateRate 	0.5
extraMutateChange 	0.1
seed 	1552533451148
random 	java.util.Random@5ed7b701
neuralNetworkClass 	class coursework.ExampleEvolutionaryAlgorithm
Training Set Training
Fitness 0.11445267966386634