4.35991286884428,1.959605789072352,-2.637915483107945,-0.619727987788314,5.381484731508106,0.6449026634826407,0.305696015407797,-9.650512850435677,-5.707176363486181,4.4370533894895505,3.718259144577617,-3.8896442119378607,3.080890884514141,2.8834111199735,-3.147199962960702,-1.7082547086692468,-0.24070119060859052,0.6661997869839014,-3.2319008699823444,-3.2452576384705942,1.457436747101945,3.325455538401565,-0.6053740091451392,6.291535166470367,0.9333621035665691,-0.8133339022812536,1.191632467916223,0.07501856423129394,-1.1080661227396875,2.4635172457783296,8.444260737914544,4.438783606693865,-1.0256195246366686,0.12273834878390066,3.3504756585777056,-5.515023346280374,-0.8422782024531885,3.178990393335769,-2.297722620390636,-3.501688195929,2.887042103919084,-2.477659864312539,4.8850985612752655,-3.378172520150553,1.2634268420866122,-6.410828360994852,7.452458442470888,1.1126612343453524
numHidden 	5
numGenes 	48
minGene 	-5.0
maxGene 	5.0
popSize 	40
maxEvaluations 	20000
mutateRate 	0.03
mutateChange 	0.8
customeMutateRate 	0.3
seed 	1552547691203
random 	java.util.Random@22f4023b
neuralNetworkClass 	class coursework.ExampleEvolutionaryAlgorithm
Training Set Training
Fitness 0.09362242010842017