-0.18914174699002548,-3.284368184310789,-0.5189128927572483,2.168025681204603,0.3065726633289295,2.522954104962978,1.6893631899992063,2.366860709241587,-0.9228417885742738,-0.5542385922569757,-1.9803450681797419,1.415379980195056,0.440906167772545,0.07353321172583771,-1.314718822735116,-1.500589727547708,1.0394606843222793,1.9440912013886273,-1.9780000644413627,-1.4952093069850239,-2.787754960767106,0.388508996875942,-0.537109932038373,-2.94555278521809,1.4249494785777905,-1.6349409987192822,2.233447304151311,2.539510885189342,-1.2515243156399716,0.971634389531495,-1.3199888230308732,0.25546771805003066,0.07528202782881577,2.4194793625720568,-0.7873883953377765,2.0598697396105607,2.4923063258947344,1.1515673239004949,0.2788754480413038,-0.015825978550236985,0.7339401265924801,-1.0637731580580476,-1.3413237684717365,2.0686964829850383,-1.795868599711951,-1.2457481914523496,0.7521498451920333,-1.6484738515163029
numHidden 	5
numGenes 	48
minGene 	-3.0
maxGene 	3.0
popSize 	100
maxEvaluations 	20000
mutateRate 	0.02
mutateChange 	0.1
seed 	1552525103927
random 	java.util.Random@c3caba2
neuralNetworkClass 	class coursework.ExampleEvolutionaryAlgorithm
Training Set Training
Fitness 0.1310141073321997