2.1500308893931317,1.9548745430934,-1.9874473922408307,-1.439157643525359,-1.5627579322188343,0.11464072240063282,-2.6113939298902027,-2.8486020312489604,-2.914062709142716,-0.04499727567852467,2.08407436786865,0.8660597164403883,-0.48743602766030897,0.13785188399305712,0.011416220897739748,1.029829091432509,-3.0112292019846008,-2.496905091992727,0.7665935910649606,2.5318984777430806,0.9902542038456779,-0.9311355004035884,-0.7845341513663884,-2.857019354894132,2.9543410379407744,2.7653048154400635,2.757714868682191,2.2488238399597953,1.573640248908731,1.9404949234014521,-1.3139404058500719,-1.9164069574996758,0.3808285288630948,-0.6108208576522882,2.930008115646711,-1.047345685679441,-0.5051298198732566,-2.5454115177261594,-1.9676251008459642,-1.6723386575538484,-2.8982931482569683,0.24073938764344405,1.8532801107090335,0.9777012786890824,1.482685344278059,0.7972134082245677,-0.11967343208884805,0.9186168578825891
numHidden 	5
numGenes 	48
minGene 	-3.0
maxGene 	3.0
popSize 	40
maxEvaluations 	20000
mutateRate 	0.01
mutateChange 	0.05
seed 	1552219439138
random 	java.util.Random@59e1ac2d
neuralNetworkClass 	class coursework.ExampleEvolutionaryAlgorithm
Training Set Training
Fitness 0.11822878436617379