-1.1789807411139073,-2.050916099539722,0.4089275608867222,-1.4138756205372223,7.789706979764755,2.1474768688595125,-4.145295731321095,-1.8582700787399313,2.7468865334017867,-5.399982724295603,-1.9159203527036082,-9.424549025870983,2.884049505547952,-0.1814895760983688,2.0439045471970285,4.513475869468525,1.8948204727297513,4.030302082528513,2.1508590293407037,-0.3488000143748613,0.8212522758607856,1.0621757694622764,-1.3041042949850192,2.460443844274227,2.9261230227301125,-0.03176160629229052,-0.6475040159117036,-0.7021249466961881,3.8827884808202953,0.13395492940990517,-6.309393627149742,9.19894166584501,7.789293900610037,-0.6581265187919245,8.050465503107272,-1.7540108712987201,-2.7875449019451333,5.751319291828479,2.5600022806815286,-4.290212078451133,-1.8673144669995352,-2.958718873837415,1.097296160276809,-4.821077789073536,-0.05890504038812172,2.2511479896667135,2.63253302106229,3.2490747377210827
numHidden 	5
numGenes 	48
minGene 	-5.0
maxGene 	5.0
popSize 	40
maxEvaluations 	20000
mutateRate 	0.03
mutateChange 	0.8
customeMutateRate 	0.3
seed 	1552547691203
random 	java.util.Random@22f4023b
neuralNetworkClass 	class coursework.ExampleEvolutionaryAlgorithm
Training Set Training
Fitness 0.006039187467758658