-0.5425751507824333,2.9849437602100304,-1.8583948862779378,2.7942570692538,2.8290441419228642,-0.6593655418231262,1.0401742924208461,0.2025536469351451,1.8438185572484143,1.6775975894030841,-1.3560939237576408,1.7523309299008547,-2.1815460122150183,-0.7117922473681182,2.4598895922368413,-1.9409298574098,-1.5473397442661305,-1.5600630802619229,2.8755040920104493,-0.6863257415707142,-0.6971286680735103,0.7344797407533031,-2.731788925668356,2.1057898904021455,-2.2433861031906854,-0.7441293246428854,2.25789313592019,0.22111052714902868,-0.3842754054697206,-1.248708438868439,-2.0945521161057465,-2.42131203024552,-1.162220930218918,2.78337194021739,2.3169892940314316,1.3139352622709959,-0.4572000437104587,1.8530755434616335,1.0218101302856395,-2.5079854512289295,3.196952330717565,0.7511105041541417,0.6062397339889336,-1.2953357862864088,0.28266483986391183,-0.8020897266656252,1.9870188812950227,-2.0606204725100055
numHidden 	5
numGenes 	48
minGene 	-3.0
maxGene 	3.0
popSize 	40
maxEvaluations 	20000
mutateRate 	0.03
mutateChange 	0.08
seed 	1552288306942
random 	java.util.Random@7b2e5697
neuralNetworkClass 	class coursework.ExampleEvolutionaryAlgorithm
Training Set Training
Fitness 0.12085093079959872