1.843557674889901,-0.523139111476226,0.7301586213023679,-0.98801234772689,2.103215697305961,3.527549869548304,-0.9094705417695355,1.8180007972051921,-0.9000582075884715,-2.7548807459966667,1.279243278824926,-1.8849617932140053,3.2945012700240577,0.6065738140052921,-1.3708135436930489,-0.6473355465720219,-0.27698326954582575,2.866659929800873,-0.06030747813792549,0.4938215503389971,2.282554795696173,-0.22906808713268312,-2.733772844365606,2.6123597519262676,-1.7660926829113799,-0.16798958639839962,0.7112278616253151,1.8038000873561089,0.5893858296094725,1.8488605453535314,2.4271574249939754,-0.47040915089164154,-0.5981889296212324,-2.613341438151596,-0.6150547395725099,2.7166040498616546,-0.11326694741115295,-2.0199549926904226,2.8505951002573875,2.962601018312421,-0.36671768220932854,-0.22469771517239678,-2.2101494578440484,-0.30511857963163375,-1.4300924148789818,-2.9327794752203804,0.9454175628449222,-0.38668454275867514
numHidden 	5
numGenes 	48
minGene 	-3.0
maxGene 	3.0
popSize 	40
maxEvaluations 	20000
mutateRate 	0.02
mutateChange 	0.08
seed 	1552297796728
random 	java.util.Random@3e328aa7
neuralNetworkClass 	class coursework.ExampleEvolutionaryAlgorithm
Training Set Test
Fitness 0.18241308832504574