2.0429761556759454,2.23748193652989,-4.28556301888033,1.6492310971181998,2.0036930054404554,-2.3013027580662406,-0.20296312219159307,2.2158823914124364,7.312743168516572,1.3259757201485474,-3.6210868843459147,6.450739314096609,-0.25796948482104587,5.439324543824642,3.286189223485562,-0.6731000787520309,-2.6299267390237766,7.992812852048679,-3.4052759053356434,-1.446724270633237,1.2799919550182606,-0.08926763860056819,-4.515614711383696,2.236364494038173,0.8742195551776955,1.3798570533675154,0.07231614729802338,3.3510066171331347,4.409765710255377,1.328739925474016,2.5791714099204777,-4.491006658431504,-1.880826370144131,6.468781278523684,-4.066449628581086,1.9638680419323051,0.344558631576529,0.9605857394633612,6.941644533170938,-0.9800125735963183,0.5828221143413086,1.0253485895900574,4.610695531839802,3.2240239149808207,0.21338359974360555,-3.3366881217980096,0.21127680879750277,0.018595206943416542
numHidden 	5
numGenes 	48
minGene 	-5.0
maxGene 	5.0
popSize 	40
maxEvaluations 	20000
mutateRate 	0.03
mutateChange 	0.8
customeMutateRate 	0.3
seed 	1552548931440
random 	java.util.Random@5d242d95
neuralNetworkClass 	class coursework.ExampleEvolutionaryAlgorithm
Training Set Test
Fitness 0.07701971658661877