0.5859430522737807,-1.3389703724293183,1.7068397743273787,2.375519553471207,-1.8496089616012439,3.055519068778052,1.8042326889764722,-1.353337687213048,2.7137973442949974,1.073341780026915,-0.9659945785036727,2.872843745009879,1.587356436056898,0.1981671958756065,1.9370625022289882,1.4395066028503614,1.9319005493896917,1.3324614916225581,0.4311686828631583,1.111653931662335,1.2534190119085231,2.6633826768874,-1.2698043712080427,-0.18923076451254778,0.4432436426085722,-0.2347487314849417,1.0710978615789273,0.7933941098380313,2.2199837984020654,-0.8682756309341986,1.4042389111174405,0.18614439453612314,2.8627234019313015,-0.8057132955288635,0.0158226108111678,-0.7525873687497625,2.97491018902746,0.5670996431476255,2.235929475148499,0.49171991879765287,3.2057891209357585,-1.974495182331999,0.27673897760805627,-0.13323465586059463,3.5411565216986345,2.003911495882675,-0.21473554746476792,2.9339351846082975
numHidden 	5
numGenes 	48
minGene 	-3.0
maxGene 	3.0
popSize 	40
maxEvaluations 	20000
mutateRate 	0.02
mutateChange 	0.08
seed 	1552516806749
random 	java.util.Random@2ed3e97d
neuralNetworkClass 	class coursework.ExampleEvolutionaryAlgorithm
Training Set Test
Fitness 0.2028738498643103