2.5430224427589714,0.9461386673572412,2.4866319134536665,-2.3560300327339414,1.6798185940730928,1.0265484604216115,0.7248859170687976,-0.7314244810526798,-2.192753247119626,-0.8552832818723699,-0.48170877339275503,-1.20385998845471,1.910970472990043,-1.3965272831750497,-1.1759741658903193,2.740700137899265,0.7977549457469428,-2.337271407568405,0.6471505341944095,-3.0260377284295257,1.7041275214254794,-2.9247829349994694,-0.8869227150684107,0.3029867467200747,1.596231715964558,-1.822947143051271,1.801660080295872,-1.6318469602095025,1.8848704886167862,-1.1911039905500858,-2.9740608106045694,-2.671530784904657,2.2646987021085225,-1.2836485897019272,1.2134689577346542,0.4519923103176851,-2.81462504365055,-2.2656492441072125,-2.7906824280535423,-0.744263891169987,-0.17771288474558739,0.4050956675904386,2.8527224938258247,-1.2795756804093696,-1.9794258149279929,1.7207343420089163,-1.865076879581179,-1.5137784607709248
numHidden 	5
numGenes 	48
minGene 	-3.0
maxGene 	3.0
popSize 	100
maxEvaluations 	20000
mutateRate 	0.02
mutateChange 	0.05
extraMutateRate 	0.5
extraMutateChange 	0.1
seed 	1552532370467
random 	java.util.Random@e0cad42
neuralNetworkClass 	class coursework.ExampleEvolutionaryAlgorithm
Training Set Training
Fitness 0.11206845547241405