2.118301484925535,2.660897962474765,1.671851109085916,2.5955979505556392,0.18756276598441118,-2.8467016177059308,2.7563832399302512,0.18841385742439404,0.33105821748158454,1.3881910284711676,-0.8911021347930415,-1.2443537183497329,1.0149945811767225,2.054844165490816,-2.381713843688735,1.4794770503465613,-1.7160034875758197,-0.4370470456989889,1.9561707196677955,-2.122963924999582,2.5137637701511784,-1.861895720225421,2.5472817331930946,-2.0895512410796617,2.0200448504489144,0.4969080853720766,-1.1323527601349055,0.5134749063771054,2.9527378931410286,2.676719604983049,-2.330593209122423,-0.40885812362193175,-2.649868820634366,0.5674207308490573,-2.689687560448077,2.6169321568885318,2.9798236792033785,-2.2905326662039607,-0.4435365748733431,1.7415328640355972,-1.739757355057147,-1.7207507697367965,1.74956049618304,1.1771099611459006,-0.872244009674195,1.9340377705223588,2.5579783216391228,2.779318072069268
numHidden 	5
numGenes 	48
minGene 	-3.0
maxGene 	3.0
popSize 	40
maxEvaluations 	20000
mutateRate 	0.01
mutateChange 	0.05
seed 	1552287815941
random 	java.util.Random@73954dcf
neuralNetworkClass 	class coursework.ExampleEvolutionaryAlgorithm
Training Set Training
Fitness 0.1233819452560409