0.3298612431224492,0.6760408973781669,0.27999187718920066,1.6610789639086843,1.1619623395159095,0.800532882567574,-0.0883082751901308,-0.8402045699694622,-0.13837188500768083,-2.281307550925743,-0.16289323038815173,2.41750289491464,1.259072703690066,-2.7186108776577624,0.3153457163444777,-0.5308202028216437,-2.9079778889289494,2.263852901818094,2.334629088297805,-0.618938075556752,-2.755445495727751,2.8026187969107266,-1.3181060568233387,0.5863296367302586,1.2663227710396132,1.584537337842801,-0.27182598386368745,-2.435517615478951,-0.0974869881483716,-0.6951697309674039,-1.1834531487684157,-1.3240182169700132,2.3645038755438206,1.968884417470015,1.6235818821880645,-2.205923582568746,-1.6615757966172815,-0.32833440006977505,-0.06864107677622673,1.220297485019329,0.8021796327969715,-0.39265017922814494,-1.6808221166599009,-1.7446558968342682,-2.6391976185374757,0.9587286563200852,1.6068462652391542,-1.9946934577263473
numHidden 	5
numGenes 	48
minGene 	-3.0
maxGene 	3.0
popSize 	40
maxEvaluations 	20000
mutateRate 	0.02
mutateChange 	0.08
seed 	1552297796728
random 	java.util.Random@3e328aa7
neuralNetworkClass 	class coursework.ExampleEvolutionaryAlgorithm
Training Set Test
Fitness 0.1343944901468269