-1.6571391801384063,-1.691133169344183,1.3535260266505666,-0.5070528458179321,1.340133853806627,3.3044482397889565,-0.395085700040241,1.1961255700511373,-2.254179024410493,-2.7535541835498845,-2.0714481990561997,-2.474181610275183,-0.763955051675696,-0.7756599796862443,2.774317636654704,-1.4153396455442284,-0.7139747941055621,0.45950253743434233,-0.08281782189859895,-0.5618296060913713,-0.006258878803271875,0.9669604099207173,-2.748437884045642,-2.518744341478973,-0.02129294858344169,-2.4897007499010675,-0.4760049432899562,1.435460626832537,-0.45164461137549067,1.4319299447278757,-2.2895731194061475,0.18523333823744842,2.2239040919458297,-2.2378177033220483,-0.8067117358082925,-2.555290592770796,2.4933751686400516,-1.110243958746457,2.07849951564483,-1.9138366698323457,-2.4559433918965503,0.30635476602459555,0.7429789781766737,-1.8828931070759196,-0.8684437517341412,-0.3118247788903483,1.5623605349673308,-0.3720602103501047
numHidden 	5
numGenes 	48
minGene 	-3.0
maxGene 	3.0
popSize 	40
maxEvaluations 	20000
mutateRate 	0.01
mutateChange 	0.08
seed 	1552297123693
random 	java.util.Random@65eaf316
neuralNetworkClass 	class coursework.ExampleEvolutionaryAlgorithm
Training Set Training
Fitness 0.1176440458518832