0.05211526082816746,0.20027049106553024,-2.2917220840455714,2.170306113701745,-0.3184334769116923,3.076788951889476,2.5287423594836556,1.1580862805313803,1.6848758345261394,2.4134595057572152,1.2922718311797212,2.0925067890337576,0.9504486948217963,-1.815836471930899,0.9054949334187414,-0.5013713955649675,0.15769970081474144,-1.7432333431897182,-2.9427088004574777,0.8058904918504524,0.16648010045668968,2.7947372588165607,-0.6181540439113438,-2.3211569855245893,-2.8143736891300506,2.4134562277524276,2.797571756984185,-0.3336125387304157,-0.630604139638429,-0.6916683180184178,1.7588963934933128,0.5425166194854871,1.5667311128621766,2.6670611680914273,-2.0894945496857806,0.7889851030934412,-0.5880388098288838,0.8139298967803749,0.7660505098943082,1.6246320658365787,1.396723014131234,0.9570790368749271,2.8032502230545573,-2.8721202309947182,2.451559695321631,1.575409373405066,1.256211783606134,-1.1717765766573114
numHidden 	5
numGenes 	48
minGene 	-3.0
maxGene 	3.0
popSize 	200
maxEvaluations 	20000
mutateRate 	0.02
mutateChange 	0.05
extraMutateRate 	0.5
extraMutateChange 	0.1
seed 	1552526674537
random 	java.util.Random@7eda2dbb
neuralNetworkClass 	class coursework.ExampleEvolutionaryAlgorithm
Training Set Training
Fitness 0.11584301245721187