-1.5938779604209405,-1.8616469295749036,-1.7235674762700732,1.8125812077219807,1.2913967689945913,-2.2104021788258374,-0.746696352516982,0.5486794229848937,1.2381705553168167,-2.3675362111642704,0.539910807718667,-0.8241844111917925,-0.25187331249949274,-1.4523245599449395,2.6163426859054484,-2.4892151196786525,-0.9278998513352912,0.5007925163353981,0.5790063705821361,-1.9897333673906452,0.27923109216152,-2.7955942423855893,-0.14883972719056132,0.6158487408459183,-0.7075460390260524,-1.1381862350031955,2.208830942087534,-1.052565969990224,2.522514903938835,-0.1320163769852183,1.844148244421146,2.7767948939932436,-1.7853940650501117,-0.8840745747374658,-1.4612568309898681,-0.9423508706145105,-1.314308621943019,-1.4450270105859735,1.9275865716009921,1.8086242658140348,2.414595584282866,-1.7234854794097878,2.525526099580282,-2.3906255883851832,0.7971714121364277,0.551890345043812,-1.5348225709766836,2.924925245965813
numHidden 	5
numGenes 	48
minGene 	-3.0
maxGene 	3.0
popSize 	40
maxEvaluations 	20000
mutateRate 	0.03
mutateChange 	0.08
seed 	1552288306942
random 	java.util.Random@7b2e5697
neuralNetworkClass 	class coursework.ExampleEvolutionaryAlgorithm
Training Set Training
Fitness 0.038311773009527976