2.880278832670758,1.0070552864162443,2.9821176654811117,2.3280073225512545,-0.4143121317637227,-2.608869826599455,-0.6600774497344015,-2.911748495110266,-0.15791323838369367,-0.5767145881422346,-2.679959988961402,0.8423287044675658,2.6584977320497822,-1.3485801446913843,-2.1328993984258506,0.699397008564691,1.5316395126114497,-1.497827974196225,-1.5803923415929964,-0.8875025517537252,-2.3111843485412926,-0.3861279215388456,2.586571737251229,-2.516037106202548,-1.376122298823045,0.1359223868920071,-2.4486764546543442,-1.2482746065091574,1.2817495094851385,1.0603840674064504,-2.7261204365298886,-2.18040360222027,-1.070611221980539,1.8097854054190676,1.025345527057919,-0.7339233391802773,2.610537487078303,-1.7782351003428378,0.6374489633949587,0.7252405852887205,-0.5250287113714616,0.8556469589371973,-0.054888740292499266,1.3704220195130223,-2.7989604063201234,-1.489134902448012,-0.05302357385413181,-2.1602096288144783
numHidden 	5
numGenes 	48
minGene 	-3.0
maxGene 	3.0
popSize 	40
maxEvaluations 	20000
mutateRate 	0.05
mutateChange 	0.05
seed 	1552287082928
random 	java.util.Random@78b4a595
neuralNetworkClass 	class coursework.ExampleEvolutionaryAlgorithm
Training Set Test
Fitness 0.1179968340255393