-0.9909629340602635,1.1541307270691261,2.90313102192654,2.592838163362657,-0.7967681751216973,1.7268283465764986,-0.5629350134471548,0.38110117224488177,-0.02406460746747517,-3.000058229771438,-0.7842603037982372,0.8999269377890871,2.012136837042561,1.3291368973704107,-0.8717967632151383,1.521737296338031,0.16874530136005872,0.4477631049458823,-1.1984325878278783,-1.4756919892696254,0.25124242566753685,1.4053444646650626,1.978792271507526,-0.06758722523761601,2.0278684700233622,0.47371499568243564,-0.3171588268396683,1.259259540374891,-0.5343918528344038,-0.1301994409813373,0.20412704307844243,1.7268356197953605,-1.360629240393683,2.1469957638383432,-1.4048872930665743,-1.9023849006536397,1.1068785640499141,2.4957388324088265,-1.6734426319379947,3.148661164264677,-0.6347354194155661,-1.7976077656416791,-0.5694041663792387,-1.048901454092364,-2.3793814829130158,-0.034851014261635505,-1.5851847022733894,1.67283576607462
numHidden 	5
numGenes 	48
minGene 	-3.0
maxGene 	3.0
popSize 	40
maxEvaluations 	20000
mutateRate 	0.05
mutateChange 	0.05
seed 	1552286041714
random 	java.util.Random@73954dcf
neuralNetworkClass 	class coursework.ExampleEvolutionaryAlgorithm
Training Set Training
Fitness 0.06255814570496011