-0.24114374858309762,-3.0272675458772795,-3.812984109447731,4.623690239543684,4.48974044327594,-1.4312563343195623,1.6512071548914788,2.3140682640163117,4.301381279407858,-5.371676051599561,4.874288775258032,-1.645915708537707,6.044730066242509,3.2083154142192374,4.283317755885326,4.097074841041368,7.212246383739486,-4.37782723845333,6.8765573262931285,0.8149852807594935,-4.681881464216137,-6.154919267171229,-0.24148632535971326,-3.2902990653850814,3.3004053069901627,0.2929687507748775,2.488845222153655,1.8257259314013534,0.28485196017841274,0.46914905941445495,1.249981145950987,-2.164966484626096,7.885493549834077,-5.2536332137591035,-0.3177987909724689,1.3933185036382427,4.292544304940205,0.8680586181279293,4.41655130935482,4.0391481088828645,-12.414033486120895,4.881141996233584,5.4301247288384324,6.492275138291095,-6.089251988102811,-0.9347433779789305,1.0569329376435195,3.4169582592161536
numHidden 	5
numGenes 	48
minGene 	-5.0
maxGene 	5.0
popSize 	40
maxEvaluations 	20000
mutateRate 	0.03
mutateChange 	0.8
customeMutateRate 	0.4
seed 	1555322684482
random 	java.util.Random@44b6e2d1
neuralNetworkClass 	class coursework.ExampleEvolutionaryAlgorithm
Training Set Training
Fitness 0.06225432200485061