-3.8986975131818404,4.78121886583626,-6.092367934197246,0.23084149708884194,2.620727602643295,-2.5583765202156616,-5.485910644814596,-1.8539704268200816,-0.8245185148755834,2.9499380460615523,-8.760988049677053,-6.747712203335678,0.6071713401771919,6.605976474408876,-0.8131553560728348,-8.071406113720185,1.0276137907467562,3.0520292158497124,1.928419224904845,5.2922252803098555,1.3951435660643596,2.861580876366853,-3.014026022675904,-1.2502318891982196,2.725397408557958,-6.852808946704037,3.9902162227434603,1.642960447564526,-5.177558432767964,-1.7128603667682103,-3.939043773395543,-1.2092758880375978,1.2717521342572577,-1.2460333470180565,2.778142349607039,-2.060452382604641,-0.3092455264161891,-1.3953745385905993,3.213492832086329,-4.049891231721331,-0.8707552444552626,-2.2144068257492915,7.73522486172879,4.485425227718866,2.954457916167322,3.3969621984678824,2.898245995544963,3.549308934040452
numHidden 	5
numGenes 	48
minGene 	-5.0
maxGene 	5.0
popSize 	40
maxEvaluations 	20000
mutateRate 	0.03
mutateChange 	0.8
customeMutateRate 	0.4
seed 	1559680691682
random 	java.util.Random@90f866
neuralNetworkClass 	class coursework.ExampleEvolutionaryAlgorithm
Training Set Training
Fitness 0.10951083354602624